========== TEST CASE 1 ==========

Initial interval: [0, 1]
Tolerance: 0.0001

Iter a              b              c              f(c)           
1    0              1              0.5            -2.000000e+00  
2    0.000000       0.500000       0.250000       -1.250000e-01  
3    0.000000       0.250000       0.125000       9.062500e-01   
4    0.125000       0.250000       0.187500       3.828125e-01   
5    0.187500       0.250000       0.218750       1.269531e-01   
6    0.218750       0.250000       0.234375       4.882812e-04   
7    0.234375       0.250000       0.242188       -6.237793e-02  
8    0.234375       0.242188       0.238281       -3.097534e-02  
9    0.234375       0.238281       0.236328       -1.525116e-02  
10   0.234375       0.236328       0.235352       -7.383347e-03  
11   0.234375       0.235352       0.234863       -3.448009e-03  
12   0.234375       0.234863       0.234619       -1.479983e-03  
13   0.234375       0.234619       0.234497       -4.958808e-04  
14   0.234375       0.234497       0.234436       -3.807247e-06  

========== RESULT ==========
Root: 0.2344360352
Iterations: 14
f(root): -3.8072466850e-06
Final interval width: 1.2207031250e-04

========== TEST CASE 2 ==========

ERROR: No sign change in interval [0.0000000000e+00, 5.0000000000e+00]

